0.0039009300 -0.0000000036 0.0000000067 -0.0001152836 0.0000002740 -0.0000009732  
-0.0000000036 0.0000651973 0.0000000614 -0.0000010672 -0.0000110505 0.0000010023  
0.0000000067 0.0000000614 0.0000654957 0.0000008360 0.0000010831 -0.0000116110  
-0.0001152836 -0.0000010672 0.0000008360 0.0000000000 0.0000000000 0.0000000000  
0.0000002740 -0.0000110505 0.0000010831 0.0000000000 0.0000000000 0.0000000000  
-0.0000009732 0.0000010023 -0.0000116110 0.0000000000 0.0000000000 0.0000000000  
0.0309969389 -0.0000000002 -0.0000000007 -0.0007848864 0.0000003031 0.0000019624  
-0.0000000002 0.0186485440 -0.0000000015 0.0000977711 -0.0012678083 -0.0000249542  
-0.0000000007 -0.0000000015 0.0119015420 -0.0003299233 -0.0000195247 -0.0007808412  
-0.0007848864 0.0000977711 -0.0003299233 0.0000000000 0.0000000000 0.0000000000  
0.0000003031 -0.0012678083 -0.0000195247 0.0000000000 0.0000000000 0.0000000000  
0.0000019624 -0.0000249542 -0.0007808412 0.0000000000 0.0000000000 0.0000000000  
0.0007213660 0.0000000037 -0.0000000069 -0.0000251598 0.0000069088 -0.0000073297  
0.0000000037 0.0176119850 0.0000000020 -0.0008082531 -0.0008766850 -0.0001616908  
-0.0000000069 0.0000000020 0.0143909976 0.0004152952 -0.0000518405 -0.0007851112  
-0.0000251598 -0.0008082531 0.0004152952 0.0000000000 0.0000000000 0.0000000000  
0.0000069088 -0.0008766850 -0.0000518405 0.0000000000 0.0000000000 0.0000000000  
-0.0000073297 -0.0001616908 -0.0007851112 0.0000000000 0.0000000000 0.0000000000  
0.0039255184 -0.0000000153 0.0000000035 -0.0001043067 0.0000017099 0.0000038900  
-0.0000000153 0.0020238220 0.0000000020 -0.0000023037 -0.0002490237 -0.0000278544  
0.0000000035 0.0000000020 0.0099245135 0.0000490451 -0.0000899831 -0.0009468063  
-0.0001043067 -0.0000023037 0.0000490451 0.0000000000 0.0000000000 0.0000000000  
0.0000017099 -0.0002490237 -0.0000899831 0.0000000000 0.0000000000 0.0000000000  
0.0000038900 -0.0000278544 -0.0009468063 0.0000000000 0.0000000000 0.0000000000  
0.0059433118 -0.0000000014 0.0000000019 -0.0001536753 -0.0000799527 0.0000215083  
-0.0000000014 0.0281276589 -0.0000000017 0.0012116263 -0.0012618139 -0.0000690994  
0.0000000019 -0.0000000017 0.0203368538 0.0002737486 0.0003497457 -0.0015025633  
-0.0001536753 0.0012116263 0.0002737486 0.0000000000 0.0000000000 0.0000000000  
-0.0000799527 -0.0012618139 0.0003497457 0.0000000000 0.0000000000 0.0000000000  
0.0000215083 -0.0000690994 -0.0015025633 0.0000000000 0.0000000000 0.0000000000  
